     0/149     12.2G    0.0773  0.004512         0   0.08181        13       320         0         0         0         0    0.1242  0.004704         0
     1/149     10.3G   0.06919  0.004113         0   0.07331        19       320         0         0         0         0     0.149  0.002924         0
     2/149     10.3G   0.04829  0.003956         0   0.05225        17       320 0.0004222   0.08738 4.658e-05 7.739e-06    0.1485  0.002631         0
     3/149     10.3G   0.05099  0.003851         0   0.05484        11       320         0         0         0         0       nan       nan         0
     4/149     10.3G   0.04714  0.003851         0   0.05099        18       320         0         0         0         0    0.1532  0.002136         0
     5/149     10.3G    0.0421  0.003951         0   0.04605         6       320  0.001156  0.004854 2.308e-05 4.451e-06    0.1622  0.001786         0
     6/149     10.3G   0.04075  0.004417         0   0.04516        13       320   0.01273    0.0534  0.002164  0.000317    0.1379  0.003845         0
     7/149     10.3G   0.04133  0.004404         0   0.04574        15       320    0.1497   0.03883   0.01968  0.003278    0.1372  0.003625         0
     8/149     10.3G   0.03789   0.00454         0   0.04243        20       320    0.1637    0.1893   0.08563   0.01499    0.1151  0.005158         0
     9/149     10.3G   0.03724  0.004418         0   0.04166        12       320    0.2542    0.1068   0.09021    0.0218    0.1131   0.01505         0
    10/149     10.3G   0.03841  0.004227         0   0.04263        20       320    0.1979    0.1019   0.06458   0.01381    0.1143  0.005049         0
    11/149     10.3G   0.04479  0.004229         0   0.04902        21       320    0.3077    0.2136    0.1562   0.03858    0.1117  0.005579         0
    12/149     10.3G   0.04108  0.004114         0    0.0452        12       320    0.5724    0.2864    0.3014   0.08498    0.1107  0.005843         0
    13/149     10.3G   0.03732   0.00401         0   0.04133        17       320    0.3576    0.2135    0.1719   0.04391     0.108  0.006719         0
    14/149     10.3G   0.03635  0.004138         0   0.04049        23       320    0.3764    0.2913    0.2523   0.06526      0.11   0.02739         0
    15/149     10.3G   0.03945  0.004095         0   0.04354        13       320     0.467    0.3398    0.2906   0.07581    0.1042  0.009165         0
    16/149     10.3G   0.03581  0.004238         0   0.04005        21       320    0.4786    0.3835    0.3418   0.09822    0.1052  0.006581         0
    17/149     10.3G   0.03761  0.004065         0   0.04167        15       320    0.5943    0.4124    0.4156    0.1509    0.1052  0.004955         0
    18/149     10.3G   0.03507  0.003745         0   0.03881        15       320     0.489    0.4612    0.3913    0.1387    0.1077  0.004241         0
    19/149     10.3G   0.03541  0.003809         0   0.03922        20       320    0.6769    0.4515     0.453    0.1158    0.1144    0.0046         0
    20/149     10.3G    0.0329  0.003843         0   0.03675        15       320    0.7421    0.4609    0.5087    0.1466    0.1042  0.006541         0
    21/149     10.3G   0.03651  0.004018         0   0.04053        18       320    0.5405    0.3058    0.2986     0.105    0.1265  0.004285         0
    22/149     10.3G   0.04041  0.004095         0   0.04451        14       320    0.4962    0.4078    0.3763    0.1269    0.1023  0.007635         0
    23/149     10.3G   0.04028  0.004169         0   0.04445        21       320    0.5901    0.2656    0.2618   0.09812    0.1067  0.008687         0
    24/149     10.3G   0.03659  0.003947         0   0.04054        12       320    0.5963    0.3738    0.3736    0.1018    0.1189  0.004574         0
    25/149     10.3G   0.03344  0.003781         0   0.03722         9       320    0.6786     0.432    0.4433     0.153    0.1024  0.005182         0
    26/149     10.3G   0.03303  0.003583         0   0.03662        13       320    0.6067    0.5616    0.5693    0.1884    0.1016  0.004435         0
    27/149     10.3G    0.0333  0.003761         0   0.03706        17       320    0.4779    0.4223    0.3869   0.09526    0.1059  0.007979         0
    28/149     10.3G   0.03568  0.003489         0   0.03917        20       320    0.7151    0.4753    0.5453    0.1926    0.1005  0.005626         0
    29/149     10.3G   0.03317  0.003548         0   0.03671         9       320       0.8     0.534    0.6431    0.2488   0.09875  0.004655         0
    30/149     10.3G   0.03086  0.003577         0   0.03443        16       320    0.8128     0.548    0.6483    0.2179    0.0987  0.004801         0
    31/149     10.3G   0.04117  0.003547         0   0.04472        21       320     0.812    0.5874    0.6531    0.2345   0.09971  0.004398         0
    32/149     10.3G   0.03146   0.00357         0   0.03503        19       320     0.817    0.6502    0.7346    0.2524   0.09938  0.005217         0
    33/149     10.3G    0.0346  0.003662         0   0.03826        22       320    0.7386     0.631    0.7196    0.2702   0.09894  0.004342         0
    34/149     10.3G   0.03048  0.003618         0   0.03409        13       320    0.7472    0.3883    0.4651    0.1673    0.1015  0.004787         0
    35/149     10.3G   0.04329  0.003665         0   0.04696        13       320    0.8118    0.4854    0.5644    0.1831    0.1039  0.004461         0
    36/149     10.3G    0.0338  0.003456         0   0.03726        11       320     0.542    0.6261    0.5668    0.2226   0.09839  0.006056         0
    37/149     10.3G   0.03108  0.003604         0   0.03468        20       320     0.373    0.4223    0.3061   0.09736    0.1029    0.0049         0
    38/149     10.3G   0.03469  0.003653         0   0.03835        17       320    0.6421    0.2961    0.3255   0.08896    0.1052  0.005608         0
    39/149     10.3G   0.03044  0.003791         0   0.03423        16       320    0.5861    0.4757    0.5138    0.1722    0.0977  0.006411         0
    40/149     10.3G   0.03386  0.003678         0   0.03754        15       320    0.5297    0.3445    0.3918    0.1337    0.1021   0.00509         0
    41/149     10.3G   0.02955  0.003527         0   0.03308        12       320    0.7467    0.5724    0.6427      0.23   0.09843  0.004456         0
    42/149     10.3G   0.03281  0.003454         0   0.03627        21       320    0.6115    0.5825    0.5926    0.2233   0.09694  0.004594         0
    43/149     10.3G   0.03319  0.003545         0   0.03673        18       320    0.6798    0.6602    0.6733    0.2436   0.09589  0.004952         0
    44/149     10.3G    0.0364    0.0035         0    0.0399        19       320    0.7396    0.5874    0.6687    0.2491   0.09746  0.004858         0
    45/149     10.3G   0.03323  0.003298         0   0.03653        15       320    0.6678    0.4612    0.4809    0.1609   0.09977  0.005271         0
    46/149     10.3G   0.03165  0.003302         0   0.03495         9       320     0.732    0.7718    0.7455    0.2769   0.09636  0.005173         0
    47/149     10.3G   0.02937  0.003143         0   0.03251         8       320    0.6823    0.6359    0.6345    0.2433       0.1  0.004357         0
    48/149     10.3G    0.0383  0.003427         0   0.04173        17       320    0.7618    0.7762    0.7785    0.2839   0.09636  0.004796         0
    49/149     10.3G    0.0297  0.003293         0   0.03299        26       320    0.1742    0.4078    0.1208    0.0379    0.1001  0.006647         0
    50/149     10.3G   0.03239  0.003515         0   0.03591        17       320    0.1276    0.7379     0.118   0.03882   0.09723   0.01045         0
    51/149     10.3G   0.03774  0.003436         0   0.04118        16       320    0.7997    0.6019    0.6705    0.2141   0.09822  0.004721         0
    52/149     10.3G   0.02979  0.003318         0   0.03311        21       320      0.57    0.6499    0.5671     0.148   0.09805   0.00501         0
    53/149     10.3G   0.02932  0.003045         0   0.03236        13       320    0.4423    0.7087    0.5645    0.2429   0.09454  0.005767         0
    54/149     10.3G   0.03101  0.003374         0   0.03439        10       320    0.8046     0.801    0.8568    0.3532   0.09425  0.004331         0
    55/149     10.3G   0.03176  0.003133         0   0.03489        14       320    0.3475    0.6746    0.3639    0.1508   0.09421  0.005095         0
    56/149     10.3G   0.03131  0.003412         0   0.03472        13       320    0.7788    0.7179    0.8014    0.3263   0.09359  0.004942         0
    57/149     10.3G   0.02958  0.003204         0   0.03279        16       320    0.6076     0.767    0.6379    0.2791   0.09328  0.004832         0
    58/149     10.3G   0.02702  0.003301         0   0.03032        19       320    0.8568     0.699    0.8135     0.345   0.09374  0.004734         0
    59/149     10.3G   0.03353  0.003355         0   0.03688        20       320     0.655    0.7379    0.7387    0.3451   0.09282  0.004722         0
    60/149     10.3G   0.03043  0.003009         0   0.03343        17       320    0.7914    0.7184    0.8025    0.3236   0.09267  0.004695         0
    61/149     10.3G   0.02783  0.003164         0   0.03099        11       320    0.8818    0.6893    0.7967    0.3342   0.09236  0.004646         0
    62/149     10.3G    0.0263  0.003138         0   0.02944        12       320    0.8556    0.8053    0.8595    0.3679    0.0907  0.004445         0
    63/149     10.3G   0.02716  0.003183         0   0.03034        17       320    0.8456    0.7184    0.8006    0.3331   0.09301  0.004805         0
    64/149     10.3G   0.02917  0.003092         0   0.03226        17       320    0.5399    0.6505    0.5521    0.2441   0.09114  0.005749         0
    65/149     10.3G      0.03  0.003114         0   0.03311        15       320    0.2474    0.6782    0.2381   0.09922   0.09109  0.006002         0
    66/149     10.3G   0.02912  0.003054         0   0.03218        12       320    0.1139    0.5243   0.09716    0.0385   0.09006  0.007517         0
    67/149     10.3G   0.02585   0.00297         0   0.02882        17       320    0.7901    0.7136    0.7226    0.3167   0.09063  0.004825         0
    68/149     10.3G   0.02881  0.003307         0   0.03211        19       320    0.5339    0.7816    0.5302    0.2335   0.08963  0.005382         0
    69/149     10.3G   0.02916  0.002928         0   0.03209        14       320    0.9179    0.8688    0.9115    0.4235   0.08805  0.004383         0
    70/149     10.3G   0.02756   0.00314         0    0.0307        14       320    0.7914    0.8105    0.8524    0.4197   0.08731  0.004787         0
    71/149     10.3G   0.02911  0.002876         0   0.03198        12       320    0.8522     0.756    0.8391    0.3788   0.08987  0.004435         0
    72/149     10.3G   0.02547  0.002969         0   0.02844        13       320     0.919    0.8301    0.8894    0.3843   0.08892  0.004309         0
    73/149     10.3G   0.03242  0.003025         0   0.03544        12       320    0.8861    0.8689    0.9161     0.376   0.09099  0.004192         0
    74/149     10.3G   0.02646   0.00308         0   0.02954        25       320    0.8931    0.7767    0.9053    0.4315   0.08895  0.004807         0
    75/149     10.3G   0.03173  0.002885         0   0.03462        21       320    0.8867    0.8737    0.9236    0.4313   0.08893   0.00466         0
    76/149     10.3G   0.02889  0.002845         0   0.03173        20       320    0.9339     0.892    0.9417    0.4034   0.08982  0.004575         0
    77/149     10.3G   0.02547  0.003011         0   0.02848        18       320    0.8699     0.844    0.8758    0.3554   0.08985    0.0046         0
    78/149     10.3G   0.02882   0.00295         0   0.03177        16       320    0.9677    0.8835    0.9663    0.4278   0.08773  0.004292         0
    79/149     10.3G   0.03449  0.002786         0   0.03728        16       320    0.9437    0.8981    0.9562    0.4585   0.08662  0.004353         0
    80/149     10.3G   0.02463  0.002894         0   0.02752        18       320    0.9178    0.9216    0.9526    0.4436    0.0864  0.004166         0
    81/149     10.3G   0.02447  0.002822         0   0.02729        11       320    0.9499    0.9369    0.9745    0.4661   0.08626  0.004376         0
    82/149     10.3G   0.02723  0.002946         0   0.03018        22       320    0.9056    0.9316    0.9464    0.4846   0.08595  0.004079         0
    83/149     10.3G   0.02796  0.002803         0   0.03077        18       320    0.9473    0.8729    0.9361     0.434   0.08871  0.003939         0
    84/149     10.3G   0.03036  0.002843         0    0.0332        21       320     0.932     0.932    0.9677     0.468   0.08638  0.003716         0
    85/149     10.3G   0.02758  0.002716         0   0.03029        15       320    0.9545    0.9272    0.9612     0.497   0.08559  0.003984         0
    86/149     10.3G   0.03015  0.002758         0   0.03291        16       320    0.9507    0.9365    0.9706    0.4748    0.0854  0.004051         0
    87/149     10.3G   0.02655  0.002729         0   0.02928        18       320    0.9245    0.9514    0.9697    0.4765   0.08471  0.004017         0
    88/149     10.3G   0.02365  0.002693         0   0.02635        15       320    0.9596    0.9222    0.9734    0.4883   0.08488  0.003803         0
    89/149     10.3G   0.03013  0.002817         0   0.03294        14       320    0.9463    0.9466    0.9703    0.4911   0.08469  0.003878         0
    90/149     10.3G   0.02322  0.002724         0   0.02594        17       320    0.9606    0.9466    0.9716    0.5056   0.08423  0.003845         0
    91/149     10.3G    0.0236  0.002665         0   0.02627        16       320    0.9789    0.9078    0.9657     0.459   0.08591  0.004309         0
    92/149     10.3G   0.02668  0.002702         0   0.02938         9       320     0.955    0.9269    0.9609    0.4775   0.08504  0.003837         0
    93/149     10.3G   0.02453  0.002673         0    0.0272        12       320    0.9447    0.9175    0.9555    0.4533   0.08517  0.003853         0
    94/149     10.3G   0.02335  0.002658         0   0.02601        12       320    0.9507    0.9366    0.9664    0.4818   0.08446  0.003984         0
    95/149     10.3G   0.02291  0.002642         0   0.02555        19       320    0.9465    0.9466    0.9701    0.5064   0.08394    0.0037         0
    96/149     10.3G   0.03012  0.002611         0   0.03273        12       320    0.9599     0.932     0.978    0.5071   0.08441  0.004004         0
    97/149     10.3G   0.02655  0.002698         0   0.02925        12       320    0.9124    0.9611    0.9748    0.4848   0.08501  0.003666         0
    98/149     10.3G   0.02366  0.002548         0   0.02621        13       320    0.9745     0.927    0.9776    0.5027   0.08357  0.003708         0
    99/149     10.3G   0.02259  0.002511         0    0.0251        11       320    0.9853    0.9757    0.9894    0.5191   0.08297  0.003584         0
   100/149     10.3G   0.02914  0.002556         0   0.03169        15       320    0.9392    0.9756    0.9784    0.5131   0.08342  0.003664         0
   101/149     10.3G   0.02283  0.002578         0   0.02541        11       320    0.9476    0.9658    0.9752    0.4966   0.08307  0.003869         0
   102/149     10.3G   0.02605  0.002577         0   0.02862        15       320    0.9612     0.966    0.9771    0.5015   0.08234  0.003733         0
   103/149     10.3G   0.02588  0.002545         0   0.02842        14       320    0.9844    0.9563    0.9769    0.5295   0.08208  0.003483         0
   104/149     10.3G   0.02963  0.002472         0    0.0321        18       320    0.9641    0.9115    0.9699    0.4947   0.08175  0.003642         0
   105/149     10.3G   0.02589  0.002454         0   0.02834        12       320    0.9555    0.9417      0.97    0.5305   0.08154  0.003734         0
   106/149     10.3G   0.02832  0.002358         0   0.03068        18       320     0.961    0.9563    0.9799     0.505   0.08217  0.003873         0
   107/149     10.3G   0.02538  0.002545         0   0.02792        18       320    0.9849    0.9515    0.9751    0.5243   0.08123  0.003572         0
   108/149     10.3G   0.02283  0.002504         0   0.02533        15       320    0.9751    0.9563    0.9865    0.5107   0.08199  0.003709         0
   109/149     10.3G   0.03164  0.002441         0   0.03408        15       320    0.9755    0.9659    0.9834      0.52   0.08189  0.003471         0
   110/149     10.3G   0.02288  0.002425         0   0.02531        19       320    0.9848    0.9563    0.9868    0.5307   0.08143  0.003673         0
   111/149     10.3G   0.02843   0.00234         0   0.03077        15       320    0.9563    0.9563    0.9742    0.5163   0.08143  0.003367         0
   112/149     10.3G    0.0227  0.002467         0   0.02517        24       320    0.9751    0.9515    0.9705    0.5281   0.08081  0.003474         0
   113/149     10.3G   0.02869  0.002387         0   0.03107        14       320    0.9706    0.9612    0.9808    0.5336   0.08063  0.003334         0
   114/149     10.3G   0.02639   0.00227         0   0.02866        15       320    0.9706    0.9612    0.9635    0.4911   0.08146  0.003523         0
   115/149     10.3G   0.02883  0.002378         0   0.03121        18       320     0.971    0.9755    0.9893    0.5311   0.08048  0.003552         0
   116/149     10.3G   0.02809  0.002298         0   0.03038        16       320         1    0.9903    0.9954    0.5222   0.08049  0.003647         0
   117/149     10.3G   0.02808  0.002238         0   0.03032        17       320    0.9901    0.9709    0.9865    0.5176   0.08018  0.003416         0
   118/149     10.3G   0.02457  0.002378         0   0.02694        22       320    0.9698    0.9369    0.9694    0.5071   0.08088  0.003657         0
   119/149     10.3G   0.02181  0.002258         0   0.02407         9       320    0.9853    0.9757    0.9822    0.5421   0.07985  0.003497         0
   120/149     10.3G   0.02144  0.002472         0   0.02391        19       320    0.9804    0.9708    0.9849    0.5325   0.07998  0.003493         0
   121/149     10.3G   0.02439  0.002289         0   0.02668        17       320    0.9852    0.9709    0.9899    0.5343   0.07963  0.003468         0
   122/149     10.3G   0.02231  0.002301         0   0.02461        18       320    0.9855    0.9902    0.9922    0.5315   0.07964  0.003645         0
   123/149     10.3G   0.02755  0.002278         0   0.02983        12       320     0.995    0.9854    0.9924    0.5318   0.07897  0.003417         0
   124/149     10.3G   0.02758  0.002231         0   0.02981        20       320    0.9951    0.9854    0.9927    0.5351   0.07952  0.003673         0
